Summary:

The number of rows in the original data set is: 304
The number of columns in the original data set is: 14
The attributes of the data set are: age sex cp trestbps chol fbs restecg thalach exang oldpeak slope ca thal num 


Possible values for each attribute: 

age: 63.0 67.0 37.0 41.0 56.0 62.0 57.0 53.0 44.0 52.0 48.0 54.0 49.0 64.0 58.0 60.0 50.0 66.0 43.0 40.0 69.0 59.0 42.0 55.0 61.0 65.0 71.0 51.0 46.0 45.0 39.0 68.0 47.0 34.0 35.0 29.0 70.0 77.0 38.0 74.0 76.0 
sex: 1.0 0.0 
cp: 4.0 3.0 2.0 
trestbps: 145.0 160.0 120.0 130.0 140.0 172.0 150.0 110.0 132.0 117.0 135.0 112.0 105.0 124.0 125.0 142.0 128.0 170.0 155.0 104.0 180.0 138.0 108.0 134.0 122.0 115.0 118.0 100.0 200.0 94.0 165.0 102.0 152.0 101.0 126.0 174.0 148.0 178.0 158.0 192.0 129.0 144.0 123.0 136.0 146.0 106.0 156.0 154.0 114.0 164.0 
chol: 233.0 286.0 229.0 250.0 204.0 236.0 268.0 354.0 254.0 203.0 294.0 256.0 263.0 199.0 168.0 239.0 275.0 266.0 211.0 283.0 284.0 224.0 206.0 219.0 340.0 226.0 247.0 167.0 230.0 335.0 234.0 177.0 276.0 353.0 243.0 225.0 302.0 212.0 330.0 175.0 417.0 197.0 198.0 290.0 253.0 273.0 213.0 305.0 216.0 304.0 188.0 282.0 185.0 232.0 326.0 231.0 269.0 267.0 248.0 360.0 258.0 308.0 245.0 270.0 208.0 264.0 321.0 274.0 325.0 235.0 257.0 141.0 252.0 255.0 201.0 222.0 260.0 182.0 303.0 265.0 309.0 307.0 249.0 186.0 341.0 183.0 407.0 217.0 288.0 220.0 209.0 227.0 261.0 281.0 221.0 205.0 240.0 289.0 318.0 298.0 564.0 246.0 322.0 299.0 300.0 293.0 277.0 214.0 207.0 223.0 394.0 184.0 315.0 409.0 244.0 195.0 196.0 313.0 259.0 262.0 215.0 228.0 193.0 271.0 210.0 327.0 149.0 295.0 306.0 237.0 218.0 242.0 319.0 166.0 311.0 278.0 342.0 169.0 187.0 157.0 176.0 241.0 131.0 
fbs: 
restecg: 
thalach: 163.0 147.0 153.0 173.0 162.0 139.0 171.0 151.0 161.0 179.0 137.0 109.0 113.0 99.0 111.0 143.0 159.0 190.0 97.0 127.0 133.0 202.0 103.0 96.0 88.0 194.0 95.0 121.0 116.0 181.0 90.0 
exang: 
oldpeak: 2.3 1.5 2.6 3.5 1.4 0.8 3.6 0.6 3.1 0.4 1.3 0.5 1.6 1.2 0.2 1.8 3.2 2.4 2.5 2.2 2.8 3.4 6.2 5.6 2.9 0.1 2.1 1.9 4.2 0.9 1.1 3.8 0.7 0.3 4.4 
slope: 
ca: ? 
thal: 6.0 7.0 
num: 0 2 1 3 4 

The target attribute chosen is: slope

---------------------------------------------------------
